5049
20099
45149
79987
124752
180299
244236
317732
399539
495173
594835
714274
836669
968303
1108057
1266176
1428740
1591818
1780818
1965185
2168500
2385160
2598993
2838198
3046483
3315336
3549875
3842157
4100178
4402221
4715441
4993089
5284465
5635219
5954405
6275892
6652437
6969159
7420737
7743924
8157635
8535330
8954206
9274391
9748091
10220548
10623963
11102729
11573949
11956150
12500465
12979893
13384131
13996621
14329877
14992690
15550519
16078078
16640811
17102127
17732968
18243051
18894081
19457708
20005116
20605372
21286839
21810601
22602660
23169524
23723323
24386869
25034861
25715374
26487736
27067026
27837901
28541769
29234121
29947838
30720741
31596168
32069685
32985514
33476236
34527727
35164743
36048999
36775591
37510684
38485342
39235528
40178419
40936554
41574948
42723525
43736345
44423125
45124244
45918159
